246 249 249 246 239 236 236 236 248 249 249 247 239 236 236 240
249 255 255 249   0 150 231 123   0 255 255 251 234 229 229 222
249 255 255  70 234 229 229 229 254   0 255 251 235 199 144 236
246 249   0 246 237   0   0   0 249   0 249 250 121 235 156 239
239 234 234 237   0  67   0  50 234 234  50 237 248 182 251 247
236 229 229 234 224 255 255 254 173 230 229 234 249 145 255 249
236 229 229   0 251   0 255   0   0 230 230 234 188 255 255 249
236 228 229 234   0  84 254 176 229 229 229 234 112 254 254 248
248 254 254 249 234 229 229 229 253 254 254 188 234 229 228 236
249 255 255 234 222 230 230 229 254 255 255  68 235 229 229 236
249 255 255 249 234 230 195   0 254 255 195 251 234 229 229 236
247 251 251 248 237 234 234   0 251 251  61 248 237 234 234 239
239 234 235 238 248 249 249 202 234 178 234 237 246 249 249 246
236 229 229 235 251 255 255 254 229  47 229 234 249 255 255 249
236 229 229 234 251 255 255 254   1 229 229 234 249 255 255 249
240 236 236 239 247 249 249 248  12 236 236 239 246 249 249 246
246 249 249 246 239 236 236 236 248 249 249 247 239 236 236 240
249 255 255 249   0 150 231 123   0 255 255 251 234 229 229 222
249 255 255  70 234 229 229 229 254   0 255 251 235 199 144 236
246 249   0 246 237   0   0   0 249   0 249 250 121 235 156 239
239 234 234 237   0  67   0  50 234 234  50 237 248 182 251 247
236 229 229 234 224 255 255 254 173 230 229 234 249 145 255 249
236 229 229   0 251   0 255   0   0 230 230 234 188 255 255 249
236 228 229 234   0  84 254 176 229 229 229 234 112 254 254 248
248 254 254 249 234 229 229 229 253 254 254 188 234 229 228 236
249 255 255 234 222 230 230 229 254 255 255  68 235 229 229 236
249 255 255 249 234 230 195   0 254 255 195 251 234 229 229 236
247 251 251 248 237 234 234   0 251 251  61 248 237 234 234 239
239 234 235 238 248 249 249 202 234 178 234 237 246 249 249 246
236 229 229 235 251 255 255 254 229  47 229 234 249 255 255 249
236 229 229 234 251 255 255 254   1 229 229 234 249 255 255 249
240 236 236 239 247 249 249 248  12 236 236 239 246 249 249 246
246 249 249 246 239 236 236 236 248 249 249 247 239 236 236 240
249 255 255 249   0 150 231 123   0 255 255 251 234 229 229 222
249 255 255  70 234 229 229 229 254   0 255 251 235 199 144 236
246 249   0 246 237   0   0   0 249   0 249 250 121 235 156 239
239 234 234 237   0  67   0  50 234 234  50 237 248 182 251 247
236 229 229 234 224 255 255 254 173 230 229 234 249 145 255 249
236 229 229   0 251   0 255   0   0 230 230 234 188 255 255 249
236 228 229 234   0  84 254 176 229 229 229 234 112 254 254 248
248 254 254 249 234 229 229 229 253 254 254 188 234 229 228 236
249 255 255 234 222 230 230 229 254 255 255  68 235 229 229 236
249 255 255 249 234 230 195   0 254 255 195 251 234 229 229 236
247 251 251 248 237 234 234   0 251 251  61 248 237 234 234 239
239 234 235 238 248 249 249 202 234 178 234 237 246 249 249 246
236 229 229 235 251 255 255 254 229  47 229 234 249 255 255 249
236 229 229 234 251 255 255 254   1 229 229 234 249 255 255 249
240 236 236 239 247 249 249 248  12 236 236 239 246 249 249 246

240 222 236 239 247 249 249 248 236 236 236 239 246 249 249 246
236 229 144 156 251 255 255 254 228 229 229 234 249 255 255 249
236 229 199 235 182 145 255 254 229 229 229 234 249 255 255 249
239 234 235 121 248 249 188 112 234 235 234 237 246 249 249 246
247 251 251 250 237 234 234 234 188  68 251 248 237 234 234 239
249 255 255 249  50 229 230 229 254 255 195  61 234 229 229 236
249 255   0   0 234 230 230 229 254 255 255 251 178  47 229 236
248   0 254 249 234 173   0 229 253 254 254 251 234 229   1  12
236 123 229   0  50 254   0 176 229 229   0   0 202 254 254 248
236 231 229   0   0 255 255 254 229 230 195 234 249 255 255 249
236 150 229   0  67 255   0  84 229 230 230 234 249 255 255 249
239   0 234 237   0 224 251   0 234 222 234 237 248 251 251 247
246 249  70 246 237 234   0 234 249 234 249 248 238 235 234 239
249 255 255   0 234 229 229 229 254 255 255 251 235 229 229 236
249 255 255 249 234 229 229 228 254 255 255 251 234 229 229 236
246 249 249 246 239 236 236 236 248 249 249 247 239 236 236 240
240 222 236 239 247 249 249 248 236 236 236 239 246 249 249 246
236 229 144 156 251 255 255 254 228 229 229 234 249 255 255 249
236 229 199 235 182 145 255 254 229 229 229 234 249 255 255 249
239 234 235 121 248 249 188 112 234 235 234 237 246 249 249 246
247 251 251 250 237 234 234 234 188  68 251 248 237 234 234 239
249 255 255 249  50 229 230 229 254 255 195  61 234 229 229 236
249 255   0   0 234 230 230 229 254 255 255 251 178  47 229 236
248   0 254 249 234 173   0 229 253 254 254 251 234 229   1  12
236 123 229   0  50 254   0 176 229 229   0   0 202 254 254 248
236 231 229   0   0 255 255 254 229 230 195 234 249 255 255 249
236 150 229   0  67 255   0  84 229 230 230 234 249 255 255 249
239   0 234 237   0 224 251   0 234 222 234 237 248 251 251 247
246 249  70 246 237 234   0 234 249 234 249 248 238 235 234 239
249 255 255   0 234 229 229 229 254 255 255 251 235 229 229 236
249 255 255 249 234 229 229 228 254 255 255 251 234 229 229 236
246 249 249 246 239 236 236 236 248 249 249 247 239 236 236 240
240 222 236 239 247 249 249 248 236 236 236 239 246 249 249 246
236 229 144 156 251 255 255 254 228 229 229 234 249 255 255 249
236 229 199 235 182 145 255 254 229 229 229 234 249 255 255 249
239 234 235 121 248 249 188 112 234 235 234 237 246 249 249 246
247 251 251 250 237 234 234 234 188  68 251 248 237 234 234 239
249 255 255 249  50 229 230 229 254 255 195  61 234 229 229 236
249 255   0   0 234 230 230 229 254 255 255 251 178  47 229 236
248   0 254 249 234 173   0 229 253 254 254 251 234 229   1  12
236 123 229   0  50 254   0 176 229 229   0   0 202 254 254 248
236 231 229   0   0 255 255 254 229 230 195 234 249 255 255 249
236 150 229   0  67 255   0  84 229 230 230 234 249 255 255 249
239   0 234 237   0 224 251   0 234 222 234 237 248 251 251 247
246 249  70 246 237 234   0 234 249 234 249 248 238 235 234 239
249 255 255   0 234 229 229 229 254 255 255 251 235 229 229 236
249 255 255 249 234 229 229 228 254 255 255 251 234 229 229 236
246 249 249 246 239 236 236 236 248 249 249 247 239 236 236 240

241 241 240 240 240 241 241 156 240 241 241 242 242 241 241 241
241 241 241 240 240 241 210  50 235 241 241 241 241 241 241 241
240 241 242 243 243 241 147 202 226 241 241 239 239 240 241 241
240 240 243 246 245 218 132 222 143 242 240 237 236 240 241 242
240 240 243 245 244 143 232 236  48 241 241 238 237 240 241 242
241 241 241 241 227 145 241 241  94 135 143 213 240 241 241 241
241 241 240 240 106 231 242 241 238 240 225 138 156 242 241 241
241 241 241 235 165 241 241 241 224 214 224 237 177 202 241 241
241 241 241  80 235 241 241 189 139 162 111  85 226 191 233 241
241 241 230 178 242 241 231  79 117 205 111 193 104 197 203 241
241 241 129 230 241 241 197 116 166 241 136 140 239 241 197 241
242 219 135 237 209 155 150 199 104 159 133 121 245 215 212 240
242 155 225 160 159 221 123 168  55  85  72 242 242  54 236 240
219  38 159 238 240 215  91 242 241 241 241 243 135 237 241 241
220 225 241 241 241 241 216 115 103 143 105 121 219 241 241 241
241 241 241 242 242 241 241 240 223 210 224 240 240 241 241 241
241 241 240 240 240 241 241 156 240 241 241 242 242 241 241 241
241 241 241 240 240 241 210  50 235 241 241 241 241 241 241 241
240 241 242 243 243 241 147 202 226 241 241 239 239 240 241 241
240 240 243 246 245 218 132 222 143 242 240 237 236 240 241 242
240 240 243 245 244 143 232 236  48 241 241 238 237 240 241 242
241 241 241 241 227 145 241 241  94 135 143 213 240 241 241 241
241 241 240 240 106 231 242 241 238 240 225 138 156 242 241 241
241 241 241 235 165 241 241 241 224 214 224 237 177 202 241 241
241 241 241  80 235 241 241 189 139 162 111  85 226 191 233 241
241 241 230 178 242 241 231  79 117 205 111 193 104 197 203 241
241 241 129 230 241 241 197 116 166 241 136 140 239 241 197 241
242 219 135 237 209 155 150 199 104 159 133 121 245 215 212 240
242 155 225 160 159 221 123 168  55  85  72 242 242  54 236 240
219  38 159 238 240 215  91 242 241 241 241 243 135 237 241 241
220 225 241 241 241 241 216 115 103 143 105 121 219 241 241 241
241 241 241 242 242 241 241 240 223 210 224 240 240 241 241 241
241 241 240 240 240 241 241 156 240 241 241 242 242 241 241 241
241 241 241 240 240 241 210  50 235 241 241 241 241 241 241 241
240 241 242 243 243 241 147 202 226 241 241 239 239 240 241 241
240 240 243 246 245 218 132 222 143 242 240 237 236 240 241 242
240 240 243 245 244 143 232 236  48 241 241 238 237 240 241 242
241 241 241 241 227 145 241 241  94 135 143 213 240 241 241 241
241 241 240 240 106 231 242 241 238 240 225 138 156 242 241 241
241 241 241 235 165 241 241 241 224 214 224 237 177 202 241 241
241 241 241  80 235 241 241 189 139 162 111  85 226 191 233 241
241 241 230 178 242 241 231  79 117 205 111 193 104 197 203 241
241 241 129 230 241 241 197 116 166 241 136 140 239 241 197 241
242 219 135 237 209 155 150 199 104 159 133 121 245 215 212 240
242 155 225 160 159 221 123 168  55  85  72 242 242  54 236 240
219  38 159 238 240 215  91 242 241 241 241 243 135 237 241 241
220 225 241 241 241 241 216 115 103 143 105 121 219 241 241 241
241 241 241 242 242 241 241 240 223 210 224 240 240 241 241 241

241 242 241 242 242 241 241 241 242 242 241 241 241 241 242 241
242 241 242 242 242 242 241 241 232 198 191 207 236 241 242 242
241 242 241 240 240 241 241 196 195 191 241 218  57 229 241 241
242 242 240 237 237 241 158 188 221 105 240 245 244 141 215 241
242 242 240 237 238 213 137 239  88 199 147 121 242 243 121 241
241 242 241 241 241 149 226 228 114 115 143 130  66 241 112 223
241 241 241 242 242 140 241 221 158 201 241 161  80 240 147 208
241 233 222 144  55  97 238 229 136 118 166 101  52 241 108 222
158  44 208 227 237 241 241 242 196  77 117 204 166 242 118 241
242 215 152 127 232 241 242 241 241 233 201 143 125  88 215 241
241 241 241 221 147 139 231 241 241 242 241 157 225 214 242 241
241 241 243 245 245 229 112 159 233 242 241 213 152 240 242 242
241 241 243 246 245 242 240 237  91 172 227 237 162 236 242 242
241 241 242 243 243 241 241 241 242 236 132 128 228 158 242 241
242 242 241 241 241 241 242 241 241 241 242 223 160  40 222 242
241 242 241 241 241 241 242 242 241 241 241 242 242 221 220 241
241 242 241 242 242 241 241 241 242 242 241 241 241 241 242 241
242 241 242 242 242 242 241 241 232 198 191 207 236 241 242 242
241 242 241 240 240 241 241 196 195 191 241 218  57 229 241 241
242 242 240 237 237 241 158 188 221 105 240 245 244 141 215 241
242 242 240 237 238 213 137 239  88 199 147 121 242 243 121 241
241 242 241 241 241 149 226 228 114 115 143 130  66 241 112 223
241 241 241 242 242 140 241 221 158 201 241 161  80 240 147 208
241 233 222 144  55  97 238 229 136 118 166 101  52 241 108 222
158  44 208 227 237 241 241 242 196  77 117 204 166 242 118 241
242 215 152 127 232 241 242 241 241 233 201 143 125  88 215 241
241 241 241 221 147 139 231 241 241 242 241 157 225 214 242 241
241 241 243 245 245 229 112 159 233 242 241 213 152 240 242 242
241 241 243 246 245 242 240 237  91 172 227 237 162 236 242 242
241 241 242 243 243 241 241 241 242 236 132 128 228 158 242 241
242 242 241 241 241 241 242 241 241 241 242 223 160  40 222 242
241 242 241 241 241 241 242 242 241 241 241 242 242 221 220 241
241 242 241 242 242 241 241 241 242 242 241 241 241 241 242 241
242 241 242 242 242 242 241 241 232 198 191 207 236 241 242 242
241 242 241 240 240 241 241 196 195 191 241 218  57 229 241 241
242 242 240 237 237 241 158 188 221 105 240 245 244 141 215 241
242 242 240 237 238 213 137 239  88 199 147 121 242 243 121 241
241 242 241 241 241 149 226 228 114 115 143 130  66 241 112 223
241 241 241 242 242 140 241 221 158 201 241 161  80 240 147 208
241 233 222 144  55  97 238 229 136 118 166 101  52 241 108 222
158  44 208 227 237 241 241 242 196  77 117 204 166 242 118 241
242 215 152 127 232 241 242 241 241 233 201 143 125  88 215 241
241 241 241 221 147 139 231 241 241 242 241 157 225 214 242 241
241 241 243 245 245 229 112 159 233 242 241 213 152 240 242 242
241 241 243 246 245 242 240 237  91 172 227 237 162 236 242 242
241 241 242 243 243 241 241 241 242 236 132 128 228 158 242 241
242 242 241 241 241 241 242 241 241 241 242 223 160  40 222 242
241 242 241 241 241 241 242 242 241 241 241 242 242 221 220 241
